40
1 2
1 5
1 10
1 13
1 28
1 30
2 3
2 9
2 10
2 17
2 25
2 33
2 36
3 4
3 14
3 38
4 5
4 13
4 17
4 18
4 24
4 25
4 30
4 31
5 6
5 7
5 9
5 31
5 34
6 7
6 8
6 28
6 31
6 36
7 8
7 13
7 15
7 16
7 20
7 26
7 32
7 38
8 9
8 29
8 30
8 33
9 10
9 17
10 11
10 12
10 13
10 26
10 38
11 12
11 20
11 21
11 33
11 34
12 13
12 17
12 25
12 28
12 32
12 38
12 39
13 14
13 21
13 26
13 29
14 15
14 24
14 30
14 37
15 16
15 19
16 17
16 19
16 20
16 26
16 27
16 33
16 38
16 39
17 18
17 23
17 32
18 19
18 24
18 33
18 37
19 20
19 21
19 39
20 21
20 36
20 37
21 22
21 39
22 23
22 25
22 29
22 30
22 35
22 38
23 24
23 26
23 37
24 25
24 28
24 30
24 35
25 26
25 31
25 36
25 38
26 27
26 29
26 37
27 28
27 33
27 39
28 29
28 34
29 30
29 37
30 31
31 32
31 36
31 37
32 33
32 36
33 34
34 35
34 37
34 40
35 36
35 40
36 37
36 39
37 38
38 39
39 40